	"Gulkana Glacier AAD, km^2, 100 m bins 1200- 2400"													
														
	1150	1250	1350	1450	1550	1650	1750	1850	1950	2050	2150	2250	2350	2450
1966	0.0190	0.4389	0.9461	1.3978	1.2718	1.7848	1.9086	2.7155	3.2154	2.2424	1.4370	1.0597	0.3695	0.0000
1967	0.0190	0.4391	0.9434	1.3958	1.2672	1.7793	1.9056	2.7171	3.2100	2.2414	1.4369	1.0570	0.3669	0.0000
1968	0.0189	0.4392	0.9408	1.3937	1.2626	1.7738	1.9025	2.7187	3.2047	2.2405	1.4368	1.0543	0.3643	0.0000
1969	0.0189	0.4393	0.9382	1.3916	1.2580	1.7683	1.8995	2.7202	3.1993	2.2396	1.4367	1.0516	0.3617	0.0000
1970	0.0189	0.4395	0.9355	1.3895	1.2534	1.7627	1.8965	2.7218	3.1939	2.2387	1.4366	1.0489	0.3591	0.0000
1971	0.0188	0.4396	0.9329	1.3875	1.2488	1.7572	1.8935	2.7234	3.1886	2.2378	1.4365	1.0462	0.3565	0.0000
1972	0.0188	0.4397	0.9303	1.3854	1.2442	1.7517	1.8904	2.7250	3.1832	2.2368	1.4364	1.0435	0.3539	0.0000
1973	0.0188	0.4399	0.9276	1.3833	1.2396	1.7462	1.8874	2.7265	3.1779	2.2359	1.4363	1.0408	0.3513	0.0000
1974	0.0188	0.4400	0.9250	1.3813	1.2350	1.7406	1.8844	2.7281	3.1725	2.2350	1.4363	1.0381	0.3488	0.0000
1975	0.0187	0.4401	0.9224	1.3792	1.2304	1.7351	1.8813	2.7297	3.1671	2.2341	1.4362	1.0354	0.3462	0.0000
1976	0.0187	0.4403	0.9197	1.3771	1.2258	1.7296	1.8783	2.7313	3.1618	2.2332	1.4361	1.0327	0.3436	0.0000
1977	0.0187	0.4404	0.9171	1.3750	1.2212	1.7240	1.8753	2.7329	3.1564	2.2322	1.4360	1.0300	0.3410	0.0000
1978	0.0186	0.4405	0.9145	1.3730	1.2166	1.7185	1.8723	2.7344	3.1511	2.2313	1.4359	1.0273	0.3384	0.0000
1979	0.0186	0.4407	0.9118	1.3709	1.2120	1.7130	1.8692	2.7360	3.1457	2.2304	1.4358	1.0246	0.3358	0.0000
1980	0.0186	0.4408	0.9092	1.3688	1.2074	1.7075	1.8662	2.7376	3.1403	2.2295	1.4357	1.0219	0.3332	0.0000
1981	0.0185	0.4409	0.9066	1.3667	1.2028	1.7019	1.8632	2.7392	3.1350	2.2286	1.4356	1.0192	0.3306	0.0000
1982	0.0185	0.4411	0.9039	1.3647	1.1982	1.6964	1.8602	2.7408	3.1296	2.2276	1.4355	1.0165	0.3280	0.0000
1983	0.0185	0.4412	0.9013	1.3626	1.1936	1.6909	1.8571	2.7423	3.1242	2.2267	1.4354	1.0138	0.3254	0.0000
1984	0.0184	0.4413	0.8987	1.3605	1.1889	1.6854	1.8541	2.7439	3.1189	2.2258	1.4353	1.0112	0.3228	0.0000
1985	0.0184	0.4414	0.8961	1.3585	1.1843	1.6798	1.8511	2.7455	3.1135	2.2249	1.4352	1.0085	0.3202	0.0000
1986	0.0184	0.4416	0.8934	1.3564	1.1797	1.6743	1.8481	2.7471	3.1082	2.2239	1.4351	1.0058	0.3176	0.0000
1987	0.0183	0.4417	0.8908	1.3543	1.1751	1.6688	1.8450	2.7487	3.1028	2.2230	1.4350	1.0031	0.3150	0.0000
1988	0.0183	0.4418	0.8882	1.3522	1.1705	1.6633	1.8420	2.7502	3.0974	2.2221	1.4349	1.0004	0.3124	0.0000
1989	0.0183	0.4420	0.8855	1.3502	1.1659	1.6577	1.8390	2.7518	3.0921	2.2212	1.4348	0.9977	0.3098	0.0000
1990	0.0182	0.4421	0.8829	1.3481	1.1613	1.6522	1.8360	2.7534	3.0867	2.2203	1.4347	0.9950	0.3072	0.0000
1991	0.0182	0.4422	0.8803	1.3460	1.1567	1.6467	1.8329	2.7550	3.0813	2.2193	1.4346	0.9923	0.3046	0.0000
1992	0.0182	0.4424	0.8776	1.3439	1.1521	1.6412	1.8299	2.7565	3.0760	2.2184	1.4345	0.9896	0.3020	0.0000
1993	0.0181	0.4425	0.8750	1.3419	1.1475	1.6356	1.8269	2.7581	3.0706	2.2175	1.4344	0.9869	0.2994	0.0000
1994	0.0168	0.4379	0.8663	1.3273	1.1362	1.6223	1.8271	2.7445	3.0589	2.2100	1.4351	0.9869	0.2993	0.0000
1995	0.0155	0.4333	0.8575	1.3127	1.1249	1.6090	1.8273	2.7309	3.0472	2.2025	1.4359	0.9870	0.2992	0.0000
1996	0.0142	0.4287	0.8488	1.2982	1.1137	1.5958	1.8275	2.7173	3.0355	2.1950	1.4366	0.9871	0.2991	0.0000
1997	0.0129	0.4240	0.8400	1.2836	1.1024	1.5825	1.8277	2.7037	3.0239	2.1875	1.4374	0.9871	0.2990	0.0000
1998	0.0117	0.4194	0.8313	1.2690	1.0911	1.5692	1.8279	2.6901	3.0122	2.1800	1.4382	0.9872	0.2989	0.0000
1999	0.0104	0.4148	0.8225	1.2545	1.0798	1.5559	1.8281	2.6765	3.0005	2.1725	1.4389	0.9873	0.2988	0.0000
2000	0.0091	0.4102	0.8138	1.2399	1.0685	1.5426	1.8284	2.6629	2.9888	2.1650	1.4397	0.9873	0.2987	0.0000
2001	0.0078	0.4056	0.8050	1.2253	1.0572	1.5293	1.8286	2.6493	2.9771	2.1574	1.4404	0.9874	0.2985	0.0000
2002	0.0065	0.4010	0.7963	1.2107	1.0460	1.5160	1.8288	2.6357	2.9654	2.1499	1.4412	0.9875	0.2984	0.0000
2003	0.0052	0.3963	0.7875	1.1962	1.0347	1.5027	1.8290	2.6221	2.9537	2.1424	1.4419	0.9875	0.2983	0.0000
2004	0.0039	0.3917	0.7788	1.1816	1.0234	1.4894	1.8292	2.6085	2.9420	2.1349	1.4427	0.9876	0.2982	0.0000
2005	0.0026	0.3871	0.7700	1.1670	1.0121	1.4762	1.8294	2.5949	2.9303	2.1274	1.4434	0.9876	0.2981	0.0000
2006	0.0013	0.3825	0.7613	1.1525	1.0008	1.4629	1.8296	2.5813	2.9186	2.1199	1.4442	0.9877	0.2980	0.0000
2007	0.0000	0.3779	0.7525	1.1379	0.9896	1.4496	1.8298	2.5677	2.9069	2.1124	1.4450	0.9878	0.2979	0.0000
2008	0.0000	0.3764	0.7416	1.1208	0.9868	1.4399	1.8277	2.5527	2.8976	2.1134	1.4439	0.9885	0.2987	0.0000
2009	0.0000	0.3748	0.7307	1.1036	0.9840	1.4302	1.8255	2.5377	2.8883	2.1145	1.4429	0.9893	0.2995	0.0000
2010	0.0000	0.3733	0.7198	1.0865	0.9812	1.4205	1.8233	2.5228	2.8790	2.1155	1.4419	0.9901	0.3003	0.0000
2011	0.0000	0.3718	0.7089	1.0693	0.9784	1.4108	1.8212	2.5078	2.8697	2.1166	1.4409	0.9909	0.3011	0.0000
2012	0.0000	0.3703	0.6980	1.0522	0.9756	1.4011	1.8190	2.4929	2.8604	2.1176	1.4399	0.9916	0.3019	0.0000
2013	0.0000	0.3687	0.6871	1.0351	0.9728	1.3914	1.8169	2.4779	2.8511	2.1187	1.4389	0.9924	0.3027	0.0000
2014	0.0000	0.3672	0.6762	1.0179	0.9700	1.3817	1.8147	2.4630	2.8418	2.1197	1.4379	0.9932	0.3035	0.0000
2015	0.0000	0.3657	0.6652	1.0008	0.9672	1.3720	1.8125	2.4480	2.8325	2.1208	1.4368	0.9939	0.3043	0.0000
2016	0.0000	0.3642	0.6543	0.9836	0.9644	1.3623	1.8104	2.4330	2.8232	2.1218	1.4358	0.9947	0.3051	0.0000
2017	0.0000	0.3626	0.6434	0.9665	0.9617	1.3526	1.8082	2.4181	2.8139	2.1229	1.4348	0.9955	0.3059	0.0000
2018	0.0000	0.3611	0.6325	0.9494	0.9589	1.3429	1.8061	2.4031	2.8046	2.1239	1.4338	0.9963	0.3066	0.0000
2019	0.0000	0.3596	0.6216	0.9322	0.9561	1.3332	1.8039	2.3882	2.7953	2.1250	1.4328	0.9970	0.3074	0.0000
2020	0.0000	0.3581	0.6107	0.9151	0.9533	1.3235	1.8017	2.3732	2.7860	2.1260	1.4318	0.9978	0.3082	0.0000
